{
  "advancedEditorSelectedIdentifier" : "ShaderGraphEditorPluginID",
  "openSceneRelativePaths" : [
    "Immersive.usda"
  ],
  "recentIdentifiers" : {
    "1D572CEB-057A-41C3-B575-04C37501A3C0" : [

    ]
  },
  "sceneCameraHistory" : {
    "1D572CEB-057A-41C3-B575-04C37501A3C0" : [
      {
        "date" : 736868565.492158,
        "title" : "Untitled",
        "transform" : [
          0.99999946,
          -3.749536e-11,
          0.0009918209,
          0,
          0.0004959112,
          0.866025,
          -0.5000004,
          0,
          -0.00085894176,
          0.50000066,
          0.8660245,
          0,
          0.37240195,
          2.9424028,
          12.301757,
          1
        ]
      },
      {
        "date" : 736868538.459845,
        "title" : "Untitled",
        "transform" : [
          0.99999946,
          -3.749536e-11,
          0.0009918209,
          0,
          0.0004959112,
          0.866025,
          -0.5000004,
          0,
          -0.00085894176,
          0.50000066,
          0.8660245,
          0,
          -2.2573924,
          6.113651,
          10.468221,
          1
        ]
      },
      {
        "date" : 736868446.075653,
        "title" : "Untitled",
        "transform" : [
          0.99999946,
          -3.749536e-11,
          0.0009918209,
          0,
          0.0004959112,
          0.866025,
          -0.5000004,
          0,
          -0.00085894176,
          0.50000066,
          0.8660245,
          0,
          -0.09846997,
          2.2263284,
          12.714713,
          1
        ]
      },
      {
        "date" : 736868421.21541,
        "title" : "Untitled",
        "transform" : [
          0.99999946,
          -3.749536e-11,
          0.0009918209,
          0,
          0.0004959112,
          0.866025,
          -0.5000004,
          0,
          -0.00085894176,
          0.50000066,
          0.8660245,
          0,
          -0.22651875,
          7.4857726,
          9.678037,
          1
        ]
      },
      {
        "date" : 736868415.114119,
        "title" : "Untitled",
        "transform" : [
          0.99999946,
          -3.749536e-11,
          0.0009918209,
          0,
          0.0004959112,
          0.866025,
          -0.5000004,
          0,
          -0.00085894176,
          0.50000066,
          0.8660245,
          0,
          -0.005825436,
          3.3077767,
          6.842482,
          1
        ]
      },
      {
        "date" : 736868381.024561,
        "title" : "Untitled",
        "transform" : [
          0.99999946,
          -3.749536e-11,
          0.0009918209,
          0,
          0.0004959112,
          0.866025,
          -0.5000004,
          0,
          -0.00085894176,
          0.50000066,
          0.8660245,
          0,
          -0.0005431727,
          0.30842224,
          0.6380037,
          1
        ]
      },
      {
        "date" : 736868379.715891,
        "title" : "Untitled",
        "transform" : [
          0.99999946,
          -3.749536e-11,
          0.0009918209,
          0,
          0.0004959112,
          0.866025,
          -0.5000004,
          0,
          -0.00085894176,
          0.50000066,
          0.8660245,
          0,
          -0.00020486116,
          0.11632347,
          0.24062729,
          1
        ]
      },
      {
        "date" : 736868377.740272,
        "title" : "Untitled",
        "transform" : [
          0.99999946,
          -2.298253e-11,
          0.000991821,
          0,
          0.00049591134,
          0.8660249,
          -0.5000005,
          0,
          -0.00085894193,
          0.5000008,
          0.86602455,
          0,
          -0.8377056,
          15.7958975,
          62.51059,
          1
        ]
      },
      {
        "date" : 736868345.624577,
        "title" : "Untitled",
        "transform" : [
          0.99999946,
          -2.298253e-11,
          0.000991821,
          0,
          0.00049591134,
          0.8660249,
          -0.5000005,
          0,
          -0.00085894193,
          0.5000008,
          0.86602455,
          0,
          -0.08792672,
          34.114414,
          105.32964,
          1
        ]
      },
      {
        "date" : 736868344.624114,
        "title" : "Untitled",
        "transform" : [
          0.99999946,
          -2.298253e-11,
          0.000991821,
          0,
          0.00049591134,
          0.8660249,
          -0.5000005,
          0,
          -0.00085894193,
          0.5000008,
          0.86602455,
          0,
          -0.0858414,
          36.66158,
          100.328545,
          1
        ]
      }
    ]
  }
}