{
  "advancedEditorSelectedIdentifier" : "ShaderGraphEditorPluginID",
  "openSceneRelativePaths" : [
    "Immersive.usda",
    "HotAirBalloon.usda",
    "Canyon_Maple_Dark_Wood_4k_8b_sgyHQKK\/textures",
    "Cannonball.usda",
    "HeavyCannonball.usda",
    "GhostCannonball.usda"
  ],
  "recentIdentifiers" : {
    "0FFA7117-78E8-4895-841F-6B4283C393C3" : [

    ],
    "1D572CEB-057A-41C3-B575-04C37501A3C0" : [

    ],
    "6DCA7E77-1395-4D57-849F-32093351053F" : [

    ],
    "12D6045B-B436-4EE4-A86B-51C62028ED36" : [

    ],
    "116B7C75-A1DC-4D07-B729-623814ACBF34" : [

    ],
    "8257AE41-1F5C-4011-AAE1-5B551C81993A" : [

    ],
    "B84BED42-732D-4262-887B-6A4B97DC8937" : [

    ],
    "D34D8DDD-7068-4331-B8DE-8A2EEDA37E95" : [

    ],
    "DAA4E13F-A5D4-49B1-93E6-292FCCEC3B3A" : [

    ]
  },
  "sceneCameraHistory" : {
    "0FFA7117-78E8-4895-841F-6B4283C393C3" : [
      {
        "date" : 739834154.443688,
        "title" : "Untitled",
        "transform" : [
          0.99999994,
          0,
          0,
          0,
          0,
          0.8660254,
          -0.49999988,
          0,
          0,
          0.49999988,
          0.8660254,
          0,
          2.5065808,
          5.3401136,
          12.727782,
          1
        ]
      },
      {
        "date" : 737312200.501758,
        "title" : "Untitled",
        "transform" : [
          0.99999994,
          0,
          0,
          0,
          0,
          0.8660254,
          -0.49999988,
          0,
          0,
          0.49999988,
          0.8660254,
          0,
          -0.19737566,
          4.83838,
          13.017457,
          1
        ]
      },
      {
        "date" : 737309195.201338,
        "title" : "Untitled",
        "transform" : [
          0.99999994,
          0,
          0,
          0,
          0,
          0.8660254,
          -0.49999988,
          0,
          0,
          0.49999988,
          0.8660254,
          0,
          -0.8743758,
          4.0971794,
          11.643108,
          1
        ]
      },
      {
        "date" : 737309150.22225,
        "title" : "Untitled",
        "transform" : [
          0.99999994,
          0,
          -0,
          0,
          -0,
          0.8660254,
          -0.49999988,
          0,
          0,
          0.49999988,
          0.8660254,
          0,
          0,
          0.19702306,
          0.34125397,
          1
        ]
      }
    ],
    "1C6BA7D4-6591-470D-A11B-84D62B8BAB83" : [
      {
        "date" : 737385396.415079,
        "title" : "Untitled",
        "transform" : [
          0.99999994,
          0,
          -0,
          0,
          -0,
          0.8660254,
          -0.49999988,
          0,
          0,
          0.49999988,
          0.8660254,
          0,
          0,
          0.19702306,
          0.34125397,
          1
        ]
      }
    ],
    "1D572CEB-057A-41C3-B575-04C37501A3C0" : [
      {
        "date" : 737309394.945986,
        "title" : "Untitled",
        "transform" : [
          0.99999946,
          -3.749536e-11,
          0.0009918209,
          0,
          0.0004959112,
          0.866025,
          -0.5000004,
          0,
          -0.00085894176,
          0.50000066,
          0.8660245,
          0,
          0.30565557,
          41.789753,
          79.59048,
          1
        ]
      },
      {
        "date" : 736868565.492158,
        "title" : "Untitled",
        "transform" : [
          0.99999946,
          -3.749536e-11,
          0.0009918209,
          0,
          0.0004959112,
          0.866025,
          -0.5000004,
          0,
          -0.00085894176,
          0.50000066,
          0.8660245,
          0,
          0.37240195,
          2.9424028,
          12.301757,
          1
        ]
      },
      {
        "date" : 736868538.459845,
        "title" : "Untitled",
        "transform" : [
          0.99999946,
          -3.749536e-11,
          0.0009918209,
          0,
          0.0004959112,
          0.866025,
          -0.5000004,
          0,
          -0.00085894176,
          0.50000066,
          0.8660245,
          0,
          -2.2573924,
          6.113651,
          10.468221,
          1
        ]
      },
      {
        "date" : 736868446.075653,
        "title" : "Untitled",
        "transform" : [
          0.99999946,
          -3.749536e-11,
          0.0009918209,
          0,
          0.0004959112,
          0.866025,
          -0.5000004,
          0,
          -0.00085894176,
          0.50000066,
          0.8660245,
          0,
          -0.09846997,
          2.2263284,
          12.714713,
          1
        ]
      },
      {
        "date" : 736868421.21541,
        "title" : "Untitled",
        "transform" : [
          0.99999946,
          -3.749536e-11,
          0.0009918209,
          0,
          0.0004959112,
          0.866025,
          -0.5000004,
          0,
          -0.00085894176,
          0.50000066,
          0.8660245,
          0,
          -0.22651875,
          7.4857726,
          9.678037,
          1
        ]
      },
      {
        "date" : 736868415.114119,
        "title" : "Untitled",
        "transform" : [
          0.99999946,
          -3.749536e-11,
          0.0009918209,
          0,
          0.0004959112,
          0.866025,
          -0.5000004,
          0,
          -0.00085894176,
          0.50000066,
          0.8660245,
          0,
          -0.005825436,
          3.3077767,
          6.842482,
          1
        ]
      },
      {
        "date" : 736868381.024561,
        "title" : "Untitled",
        "transform" : [
          0.99999946,
          -3.749536e-11,
          0.0009918209,
          0,
          0.0004959112,
          0.866025,
          -0.5000004,
          0,
          -0.00085894176,
          0.50000066,
          0.8660245,
          0,
          -0.0005431727,
          0.30842224,
          0.6380037,
          1
        ]
      },
      {
        "date" : 736868379.715891,
        "title" : "Untitled",
        "transform" : [
          0.99999946,
          -3.749536e-11,
          0.0009918209,
          0,
          0.0004959112,
          0.866025,
          -0.5000004,
          0,
          -0.00085894176,
          0.50000066,
          0.8660245,
          0,
          -0.00020486116,
          0.11632347,
          0.24062729,
          1
        ]
      },
      {
        "date" : 736868377.740272,
        "title" : "Untitled",
        "transform" : [
          0.99999946,
          -2.298253e-11,
          0.000991821,
          0,
          0.00049591134,
          0.8660249,
          -0.5000005,
          0,
          -0.00085894193,
          0.5000008,
          0.86602455,
          0,
          -0.8377056,
          15.7958975,
          62.51059,
          1
        ]
      },
      {
        "date" : 736868345.624577,
        "title" : "Untitled",
        "transform" : [
          0.99999946,
          -2.298253e-11,
          0.000991821,
          0,
          0.00049591134,
          0.8660249,
          -0.5000005,
          0,
          -0.00085894193,
          0.5000008,
          0.86602455,
          0,
          -0.08792672,
          34.114414,
          105.32964,
          1
        ]
      }
    ],
    "2A988C4E-0F84-467A-89E2-1C5A40D1DC03" : [
      {
        "date" : 739838611.678735,
        "title" : "Untitled",
        "transform" : [
          1,
          0,
          -0,
          0,
          -0,
          0.8660254,
          -0.5,
          0,
          0,
          0.5,
          0.8660254,
          0,
          0,
          0.23959754,
          0.41499513,
          1
        ]
      }
    ],
    "3A819B04-BF7D-461A-B581-235F4759B650" : [
      {
        "date" : 737661388.02465,
        "title" : "Untitled",
        "transform" : [
          0.9974589,
          0,
          -0.071243905,
          0,
          -0.03562195,
          0.8660254,
          -0.49872935,
          0,
          0.061699037,
          0.49999988,
          0.8638248,
          0,
          -0.026511738,
          0.6363667,
          0.58840513,
          1
        ]
      },
      {
        "date" : 737661376.218702,
        "title" : "Untitled",
        "transform" : [
          0.9974589,
          0,
          -0.071243905,
          0,
          -0.03562195,
          0.8660254,
          -0.49872935,
          0,
          0.061699037,
          0.49999988,
          0.8638248,
          0,
          -0.008803745,
          0.20712449,
          0.6876574,
          1
        ]
      },
      {
        "date" : 737659178.470161,
        "title" : "Untitled",
        "transform" : [
          0.9974589,
          0,
          -0.071243905,
          0,
          -0.03562195,
          0.8660254,
          -0.49872935,
          0,
          0.061699037,
          0.49999988,
          0.8638248,
          0,
          -0.17813322,
          0.45849067,
          5.376006,
          1
        ]
      },
      {
        "date" : 737659168.253009,
        "title" : "Untitled",
        "transform" : [
          0.99999994,
          0,
          0,
          0,
          0,
          0.8660254,
          -0.49999988,
          0,
          0,
          0.49999988,
          0.8660254,
          0,
          -0.14603321,
          4.7493744,
          8.956284,
          1
        ]
      },
      {
        "date" : 737659166.885967,
        "title" : "Untitled",
        "transform" : [
          0.99999994,
          0,
          0,
          0,
          0,
          0.8660254,
          -0.49999988,
          0,
          0,
          0.49999988,
          0.8660254,
          0,
          -0.26443544,
          8.600118,
          16.217945,
          1
        ]
      },
      {
        "date" : 737659158.837108,
        "title" : "Untitled",
        "transform" : [
          0.99999994,
          0,
          0,
          0,
          0,
          0.8660254,
          -0.49999988,
          0,
          0,
          0.49999988,
          0.8660254,
          0,
          -1.440357,
          46.8441,
          88.337746,
          1
        ]
      },
      {
        "date" : 737657557.598331,
        "title" : "Untitled",
        "transform" : [
          0.99999994,
          0,
          0,
          0,
          0,
          0.8660254,
          -0.49999988,
          0,
          0,
          0.49999988,
          0.8660254,
          0,
          -0.024894904,
          0.8096461,
          1.5268159,
          1
        ]
      },
      {
        "date" : 737657556.446795,
        "title" : "Untitled",
        "transform" : [
          0.99999994,
          0,
          0,
          0,
          0,
          0.8660254,
          -0.49999988,
          0,
          0,
          0.49999988,
          0.8660254,
          0,
          -0.024889598,
          0.8094735,
          1.5264904,
          1
        ]
      },
      {
        "date" : 737657439.275173,
        "title" : "Untitled",
        "transform" : [
          0.99999994,
          0,
          0,
          0,
          0,
          0.8660254,
          -0.49999988,
          0,
          0,
          0.49999988,
          0.8660254,
          0,
          -0.013249592,
          0.43091068,
          0.81260353,
          1
        ]
      },
      {
        "date" : 737657435.874407,
        "title" : "Untitled",
        "transform" : [
          0.99999994,
          0,
          0,
          0,
          0,
          0.8660254,
          -0.49999988,
          0,
          0,
          0.49999988,
          0.8660254,
          0,
          -0.049015146,
          1.5940979,
          3.006121,
          1
        ]
      }
    ],
    "6DCA7E77-1395-4D57-849F-32093351053F" : [
      {
        "date" : 739840020.426928,
        "title" : "Untitled",
        "transform" : [
          -0.01168473,
          0.012539305,
          -0.9998532,
          0,
          -0.2512407,
          0.9678073,
          0.015073554,
          0,
          0.9678542,
          0.25137982,
          -0.008158229,
          0,
          10.523815,
          4.4111986,
          -6.7488694,
          1
        ]
      },
      {
        "date" : 739840012.595143,
        "title" : "Untitled",
        "transform" : [
          -0.01168473,
          0.012539305,
          -0.9998532,
          0,
          -0.2512407,
          0.9678073,
          0.015073554,
          0,
          0.9678542,
          0.25137982,
          -0.008158229,
          0,
          6.331839,
          1.8434424,
          -6.106475,
          1
        ]
      },
      {
        "date" : 739838198.088692,
        "title" : "Untitled",
        "transform" : [
          -0.01168473,
          0.012539305,
          -0.9998532,
          0,
          -0.2512407,
          0.9678073,
          0.015073554,
          0,
          0.9678542,
          0.25137982,
          -0.008158229,
          0,
          8.313901,
          1.7500004,
          -3.959663,
          1
        ]
      },
      {
        "date" : 739837066.978372,
        "title" : "Untitled",
        "transform" : [
          -0.01168473,
          0.012539305,
          -0.9998532,
          0,
          -0.2512407,
          0.9678073,
          0.015073554,
          0,
          0.9678542,
          0.25137982,
          -0.008158229,
          0,
          1.9237374,
          0.4049292,
          -0.9162187,
          1
        ]
      },
      {
        "date" : 739836991.645834,
        "title" : "Untitled",
        "transform" : [
          -0.01168473,
          0.012539305,
          -0.9998532,
          0,
          -0.2512407,
          0.9678073,
          0.015073554,
          0,
          0.9678542,
          0.25137982,
          -0.008158229,
          0,
          10.151966,
          2.2003493,
          -3.2356608,
          1
        ]
      },
      {
        "date" : 739836990.085807,
        "title" : "Untitled",
        "transform" : [
          -0.01168473,
          0.012539305,
          -0.9998532,
          0,
          -0.2512407,
          0.9678073,
          0.015073554,
          0,
          0.9678542,
          0.25137982,
          -0.008158229,
          0,
          10.127464,
          2.366158,
          -1.0333745,
          1
        ]
      },
      {
        "date" : 739836984.12982,
        "title" : "Untitled",
        "transform" : [
          -0.01168473,
          0.012539305,
          -0.9998532,
          0,
          -0.2512407,
          0.9678073,
          0.015073554,
          0,
          0.9678542,
          0.25137982,
          -0.008158229,
          0,
          13.963844,
          3.2624812,
          -1.4248266,
          1
        ]
      },
      {
        "date" : 739836966.629137,
        "title" : "Untitled",
        "transform" : [
          -0.01168473,
          0.012539305,
          -0.9998532,
          0,
          -0.2512407,
          0.9678073,
          0.015073554,
          0,
          0.9678542,
          0.25137982,
          -0.008158229,
          0,
          3.8334196,
          1.5534168,
          -1.7094514,
          1
        ]
      },
      {
        "date" : 739836963.428223,
        "title" : "Untitled",
        "transform" : [
          -0.01168473,
          0.012539305,
          -0.9998532,
          0,
          -0.2512407,
          0.9678073,
          0.015073554,
          0,
          0.9678542,
          0.25137982,
          -0.008158229,
          0,
          1.719129,
          0.33129904,
          -1.0769728,
          1
        ]
      },
      {
        "date" : 739836959.112231,
        "title" : "Untitled",
        "transform" : [
          -0.01168473,
          0.012539305,
          -0.9998532,
          0,
          -0.2512407,
          0.9678073,
          0.015073554,
          0,
          0.9678542,
          0.25137982,
          -0.008158229,
          0,
          1.4252859,
          0.27467158,
          -0.8928907,
          1
        ]
      }
    ],
    "12D6045B-B436-4EE4-A86B-51C62028ED36" : [
      {
        "date" : 737557204.521316,
        "title" : "Untitled",
        "transform" : [
          0.9999846,
          0,
          -0.0055541727,
          0,
          -0.002777086,
          0.8660254,
          -0.49999216,
          0,
          0.004810055,
          0.49999994,
          0.86601216,
          0,
          -0.018872192,
          0.4018232,
          0.92361516,
          1
        ]
      },
      {
        "date" : 737300669.589375,
        "title" : "Untitled",
        "transform" : [
          0.9999846,
          0,
          -0.0055541727,
          0,
          -0.002777086,
          0.8660254,
          -0.49999216,
          0,
          0.004810055,
          0.49999994,
          0.86601216,
          0,
          -0.010831865,
          0.23063004,
          0.5301172,
          1
        ]
      },
      {
        "date" : 737300051.735881,
        "title" : "Untitled",
        "transform" : [
          0.9999013,
          0,
          0.014052882,
          0,
          0.0070264386,
          0.8660254,
          -0.4999505,
          0,
          -0.012170154,
          0.49999994,
          0.86594,
          0,
          -0.068778336,
          0.62303704,
          0.87434834,
          1
        ]
      },
      {
        "date" : 737299984.853094,
        "title" : "Untitled",
        "transform" : [
          0.9999013,
          0,
          0.014052882,
          0,
          0.0070264386,
          0.8660254,
          -0.4999505,
          0,
          -0.012170154,
          0.49999994,
          0.86594,
          0,
          -0.2645828,
          0.7131545,
          0.81956196,
          1
        ]
      },
      {
        "date" : 737299911.817582,
        "title" : "Untitled",
        "transform" : [
          0.9999013,
          0,
          0.014052882,
          0,
          0.0070264386,
          0.8660254,
          -0.4999505,
          0,
          -0.012170154,
          0.49999994,
          0.86594,
          0,
          -0.24862498,
          0.29315358,
          0.3233196,
          1
        ]
      },
      {
        "date" : 737299905.667505,
        "title" : "Untitled",
        "transform" : [
          0.9999013,
          0,
          0.014052882,
          0,
          0.0070264386,
          0.8660254,
          -0.4999505,
          0,
          -0.012170154,
          0.49999994,
          0.86594,
          0,
          -0.08276336,
          0.24306735,
          0.37144062,
          1
        ]
      },
      {
        "date" : 737299876.368064,
        "title" : "Untitled",
        "transform" : [
          0.9999013,
          0,
          0.014052882,
          0,
          0.0070264386,
          0.8660254,
          -0.4999505,
          0,
          -0.012170154,
          0.49999994,
          0.86594,
          0,
          -0.07247691,
          0.86632746,
          0.9544438,
          1
        ]
      },
      {
        "date" : 737299729.281442,
        "title" : "Untitled",
        "transform" : [
          0.99999994,
          0,
          -0,
          0,
          -0,
          0.8660254,
          -0.49999988,
          0,
          0,
          0.49999988,
          0.8660254,
          0,
          0,
          0.19702306,
          0.34125397,
          1
        ]
      }
    ],
    "116B7C75-A1DC-4D07-B729-623814ACBF34" : [
      {
        "date" : 737385331.056942,
        "title" : "Untitled",
        "transform" : [
          0.99999994,
          0,
          0,
          0,
          0,
          0.8660254,
          -0.49999988,
          0,
          0,
          0.49999988,
          0.8660254,
          0,
          -2.8247166,
          35.371128,
          80.10718,
          1
        ]
      },
      {
        "date" : 737309332.297161,
        "title" : "Untitled",
        "transform" : [
          0.99999994,
          0,
          0,
          0,
          0,
          0.8660254,
          -0.49999988,
          0,
          0,
          0.49999988,
          0.8660254,
          0,
          0,
          43.530193,
          75.39653,
          1
        ]
      },
      {
        "date" : 737309161.368392,
        "title" : "Untitled",
        "transform" : [
          0.99999994,
          0,
          -0,
          0,
          -0,
          0.8660254,
          -0.49999988,
          0,
          0,
          0.49999988,
          0.8660254,
          0,
          0,
          0.19702306,
          0.34125397,
          1
        ]
      }
    ],
    "602CA447-0FA1-4E26-9C71-8F4F992A1B81" : [
      {
        "date" : 737560190.322566,
        "title" : "Untitled",
        "transform" : [
          0.99999994,
          0,
          0,
          0,
          0,
          0.8660254,
          -0.49999988,
          0,
          0,
          0.49999988,
          0.8660254,
          0,
          -0.011414155,
          0.40598994,
          0.9847449,
          1
        ]
      },
      {
        "date" : 737557229.367009,
        "title" : "Untitled",
        "transform" : [
          0.99999994,
          0,
          0,
          0,
          0,
          0.8660254,
          -0.49999988,
          0,
          0,
          0.49999988,
          0.8660254,
          0,
          0,
          0.52790457,
          0.91435754,
          1
        ]
      },
      {
        "date" : 737557216.310912,
        "title" : "Untitled",
        "transform" : [
          0.99999994,
          0,
          -0,
          0,
          -0,
          0.8660254,
          -0.49999988,
          0,
          0,
          0.49999988,
          0.8660254,
          0,
          0,
          0.19702306,
          0.34125397,
          1
        ]
      }
    ],
    "8257AE41-1F5C-4011-AAE1-5B551C81993A" : [
      {
        "date" : 737386159.933987,
        "title" : "Untitled",
        "transform" : [
          0.20533738,
          -5.393078e-08,
          -0.9786912,
          0,
          -0.2768077,
          0.9591687,
          -0.058076557,
          0,
          0.93873006,
          0.28283456,
          0.19695318,
          0,
          1.9762173,
          1.1111397,
          0.5513909,
          1
        ]
      },
      {
        "date" : 737385906.406353,
        "title" : "Untitled",
        "transform" : [
          0.21043628,
          -5.6591576e-09,
          -0.9776076,
          0,
          -0.28118968,
          0.9577415,
          -0.060527876,
          0,
          0.9362953,
          0.2876304,
          0.20154352,
          0,
          1.9762173,
          1.1111397,
          0.5513909,
          1
        ]
      },
      {
        "date" : 737304102.551518,
        "title" : "Untitled",
        "transform" : [
          0.21043627,
          -5.6591576e-09,
          -0.97760755,
          0,
          -0.28118968,
          0.95774144,
          -0.060527876,
          0,
          0.9362953,
          0.2876304,
          0.20154352,
          0,
          1.9762173,
          1.1111397,
          0.5513909,
          1
        ]
      },
      {
        "date" : 737304075.705537,
        "title" : "Untitled",
        "transform" : [
          0.21043627,
          -5.6591576e-09,
          -0.97760755,
          0,
          -0.28118968,
          0.95774144,
          -0.060527876,
          0,
          0.9362953,
          0.2876304,
          0.20154352,
          0,
          1.7571601,
          1.6633713,
          0.7809368,
          1
        ]
      },
      {
        "date" : 737300282.098037,
        "title" : "Untitled",
        "transform" : [
          0.21043628,
          -5.6591576e-09,
          -0.9776076,
          0,
          -0.28118968,
          0.9577415,
          -0.060527876,
          0,
          0.9362953,
          0.2876304,
          0.20154352,
          0,
          1.7571601,
          1.6633713,
          0.7809368,
          1
        ]
      },
      {
        "date" : 737298985.450375,
        "title" : "Untitled",
        "transform" : [
          0.21043628,
          -1.2635102e-08,
          -0.9776076,
          0,
          -0.28118968,
          0.9577415,
          -0.060527883,
          0,
          0.9362953,
          0.2876304,
          0.20154352,
          0,
          1.7571601,
          1.6633713,
          0.7809368,
          1
        ]
      },
      {
        "date" : 737052279.38156,
        "title" : "Untitled",
        "transform" : [
          0.21043651,
          -8.0762516e-07,
          -0.9776075,
          0,
          -0.2811895,
          0.95774144,
          -0.06052871,
          0,
          0.9362953,
          0.2876304,
          0.20154352,
          0,
          1.7571601,
          1.6633713,
          0.7809368,
          1
        ]
      },
      {
        "date" : 737052258.402044,
        "title" : "Untitled",
        "transform" : [
          0.21043651,
          -8.1688836e-07,
          -0.9776075,
          0,
          -0.2811895,
          0.95774144,
          -0.060528718,
          0,
          0.9362953,
          0.28763044,
          0.20154352,
          0,
          1.7571598,
          1.6633713,
          0.78093654,
          1
        ]
      },
      {
        "date" : 737051473.853092,
        "title" : "Untitled",
        "transform" : [
          0.21043646,
          -8.202551e-07,
          -0.9776075,
          0,
          -0.28118956,
          0.9577415,
          -0.060528714,
          0,
          0.9362953,
          0.28763044,
          0.2015435,
          0,
          1.6598263,
          1.8731034,
          0.4620571,
          1
        ]
      },
      {
        "date" : 737051467.60115,
        "title" : "Untitled",
        "transform" : [
          0.99940544,
          0.00071617524,
          -0.03447009,
          0,
          -0.014748882,
          0.9125674,
          -0.4086602,
          0,
          0.03116361,
          0.40892568,
          0.91203547,
          0,
          1.0195341,
          2.1965158,
          1.1365349,
          1
        ]
      }
    ],
    "47403D7D-BC68-4539-9AA1-381ED6278A7C" : [
      {
        "date" : 737309855.916464,
        "title" : "Untitled",
        "transform" : [
          0.99999994,
          0,
          0,
          0,
          0,
          0.8660254,
          -0.49999988,
          0,
          0,
          0.49999988,
          0.8660254,
          0,
          0.062203407,
          0.28839082,
          0.47635883,
          1
        ]
      },
      {
        "date" : 737309847.985813,
        "title" : "Untitled",
        "transform" : [
          0.99999994,
          0,
          0,
          0,
          0,
          0.8660254,
          -0.49999988,
          0,
          0,
          0.49999988,
          0.8660254,
          0,
          0.044137824,
          0.30268967,
          0.4681034,
          1
        ]
      },
      {
        "date" : 737309821.762609,
        "title" : "Untitled",
        "transform" : [
          0.99999994,
          0,
          0,
          0,
          0,
          0.8660254,
          -0.49999988,
          0,
          0,
          0.49999988,
          0.8660254,
          0,
          0.0147641245,
          0.42283756,
          1.3327736,
          1
        ]
      },
      {
        "date" : 737309814.392433,
        "title" : "Untitled",
        "transform" : [
          0.99999994,
          0,
          0,
          0,
          0,
          0.8660254,
          -0.49999988,
          0,
          0,
          0.49999988,
          0.8660254,
          0,
          0.026286572,
          0.47854322,
          0.56600225,
          1
        ]
      },
      {
        "date" : 737309807.128404,
        "title" : "Untitled",
        "transform" : [
          0.99999994,
          0,
          0,
          0,
          0,
          0.8660254,
          -0.49999988,
          0,
          0,
          0.49999988,
          0.8660254,
          0,
          -0.015051961,
          0.99165094,
          1.0352156,
          1
        ]
      },
      {
        "date" : 737309780.679881,
        "title" : "Untitled",
        "transform" : [
          0.99999994,
          0,
          0,
          0,
          0,
          0.8660254,
          -0.49999988,
          0,
          0,
          0.49999988,
          0.8660254,
          0,
          0,
          0.2535682,
          0.439193,
          1
        ]
      },
      {
        "date" : 737309765.752334,
        "title" : "Untitled",
        "transform" : [
          0.99999994,
          0,
          -0,
          0,
          -0,
          0.8660254,
          -0.49999988,
          0,
          0,
          0.49999988,
          0.8660254,
          0,
          0,
          0.19702306,
          0.34125397,
          1
        ]
      }
    ],
    "B84BED42-732D-4262-887B-6A4B97DC8937" : [
      {
        "date" : 739891506.257582,
        "title" : "Untitled",
        "transform" : [
          0.24612202,
          4.9536855e-09,
          0.9692389,
          0,
          0.6671156,
          0.72543734,
          -0.16940288,
          0,
          -0.7031221,
          0.6882882,
          0.17854609,
          0,
          -17.946356,
          -10.685125,
          -30.970634,
          1
        ]
      },
      {
        "date" : 739891483.559295,
        "title" : "Untitled",
        "transform" : [
          -0.8767834,
          -2.112671e-08,
          0.48088548,
          0,
          -0.32201388,
          0.7426976,
          -0.5871178,
          0,
          -0.35715246,
          -0.66962695,
          -0.6511849,
          0,
          -25.630344,
          -50.87938,
          -75.93071,
          1
        ]
      },
      {
        "date" : 739891472.668055,
        "title" : "Untitled",
        "transform" : [
          0.99995786,
          -2.3536803e-08,
          0.009177557,
          0,
          0.00016727572,
          0.99983394,
          -0.018223274,
          0,
          -0.009176033,
          0.018224042,
          0.9997918,
          0,
          -25.630344,
          -50.87938,
          -75.93071,
          1
        ]
      },
      {
        "date" : 739891462.926656,
        "title" : "Untitled",
        "transform" : [
          0.99995786,
          -2.3536803e-08,
          0.009177557,
          0,
          0.00016727572,
          0.99983394,
          -0.018223274,
          0,
          -0.009176033,
          0.018224042,
          0.9997918,
          0,
          -10.321906,
          -20.780893,
          -36.399097,
          1
        ]
      },
      {
        "date" : 739891454.811678,
        "title" : "Untitled",
        "transform" : [
          0.76762486,
          5.4003095e-09,
          0.6408994,
          0,
          0.41223183,
          0.76569104,
          -0.4937429,
          0,
          -0.49073097,
          0.6432085,
          0.58776355,
          0,
          -11.352106,
          -17.526922,
          -30.289175,
          1
        ]
      },
      {
        "date" : 739891452.186564,
        "title" : "Untitled",
        "transform" : [
          0.76762486,
          5.4003095e-09,
          0.6408994,
          0,
          0.41223183,
          0.76569104,
          -0.4937429,
          0,
          -0.49073097,
          0.6432085,
          0.58776355,
          0,
          -13.801073,
          -17.80695,
          -32.027405,
          1
        ]
      },
      {
        "date" : 739891450.294246,
        "title" : "Untitled",
        "transform" : [
          0.76762486,
          5.4003095e-09,
          0.6408994,
          0,
          0.41223183,
          0.76569104,
          -0.4937429,
          0,
          -0.49073097,
          0.6432085,
          0.58776355,
          0,
          -13.801073,
          -17.80695,
          -32.027405,
          1
        ]
      },
      {
        "date" : 739891448.280347,
        "title" : "Untitled",
        "transform" : [
          0.76762486,
          5.4003095e-09,
          0.6408994,
          0,
          0.41223183,
          0.76569104,
          -0.4937429,
          0,
          -0.49073097,
          0.6432085,
          0.58776355,
          0,
          -14.033804,
          -17.5019,
          -31.748653,
          1
        ]
      },
      {
        "date" : 739891431.360768,
        "title" : "Untitled",
        "transform" : [
          0.9462473,
          -7.469084e-09,
          -0.3234441,
          0,
          -0.32324716,
          0.03489955,
          -0.94567084,
          0,
          0.011288102,
          0.99939084,
          0.033023626,
          0,
          -11.068193,
          -9.354359,
          -35.288033,
          1
        ]
      },
      {
        "date" : 739891420.413071,
        "title" : "Untitled",
        "transform" : [
          0.8106578,
          -1.657654e-08,
          -0.5855202,
          0,
          -0.30821687,
          0.85023814,
          -0.42672893,
          0,
          0.49783164,
          0.52639836,
          0.6892522,
          0,
          -7.7727075,
          -11.563613,
          -30.179644,
          1
        ]
      }
    ],
    "D34D8DDD-7068-4331-B8DE-8A2EEDA37E95" : [
      {
        "date" : 737560265.797494,
        "title" : "Untitled",
        "transform" : [
          0.99999994,
          0,
          0,
          0,
          0,
          0.8660254,
          -0.49999988,
          0,
          0,
          0.49999988,
          0.8660254,
          0,
          0,
          0.37788153,
          0.65451,
          1
        ]
      },
      {
        "date" : 737300091.358026,
        "title" : "Untitled",
        "transform" : [
          0.99999994,
          0,
          0,
          0,
          0,
          0.8660254,
          -0.49999988,
          0,
          0,
          0.49999988,
          0.8660254,
          0,
          0,
          0.2358494,
          0.40850314,
          1
        ]
      },
      {
        "date" : 737300019.095984,
        "title" : "Untitled",
        "transform" : [
          0.99999994,
          0,
          -0,
          0,
          -0,
          0.8660254,
          -0.49999988,
          0,
          0,
          0.49999988,
          0.8660254,
          0,
          0,
          0.19702306,
          0.34125397,
          1
        ]
      }
    ],
    "DAA4E13F-A5D4-49B1-93E6-292FCCEC3B3A" : [
      {
        "date" : 737310396.245205,
        "title" : "Untitled",
        "transform" : [
          0.99999994,
          0,
          0,
          0,
          0,
          0.8660254,
          -0.49999988,
          0,
          0,
          0.49999988,
          0.8660254,
          0,
          -0.12694441,
          0.40359312,
          0.61441505,
          1
        ]
      },
      {
        "date" : 737309809.360441,
        "title" : "Untitled",
        "transform" : [
          0.99999994,
          0,
          0,
          0,
          0,
          0.8660254,
          -0.49999988,
          0,
          0,
          0.49999988,
          0.8660254,
          0,
          -0.04768443,
          0.15160264,
          0.23079419,
          1
        ]
      },
      {
        "date" : 737300501.171504,
        "title" : "Untitled",
        "transform" : [
          0.99999994,
          0,
          0,
          0,
          0,
          0.8660254,
          -0.49999988,
          0,
          0,
          0.49999988,
          0.8660254,
          0,
          -0.06755294,
          0.17139028,
          0.2193698,
          1
        ]
      },
      {
        "date" : 737300355.901452,
        "title" : "Untitled",
        "transform" : [
          0.99999994,
          0,
          0,
          0,
          0,
          0.8660254,
          -0.49999988,
          0,
          0,
          0.49999988,
          0.8660254,
          0,
          -0.06655954,
          0.15762514,
          0.22731711,
          1
        ]
      },
      {
        "date" : 737300298.829218,
        "title" : "Untitled",
        "transform" : [
          0.99999994,
          0,
          -0,
          0,
          -0,
          0.8660254,
          -0.49999988,
          0,
          0,
          0.49999988,
          0.8660254,
          0,
          0,
          0.19702306,
          0.34125397,
          1
        ]
      }
    ],
    "E2434553-B08B-4794-A312-448C73DE81E7" : [
      {
        "date" : 740143545.815972,
        "title" : "Untitled",
        "transform" : [
          1,
          0,
          -0,
          0,
          -0,
          0.8660254,
          -0.5,
          0,
          0,
          0.5,
          0.8660254,
          0,
          0,
          0.23959754,
          0.41499513,
          1
        ]
      }
    ],
    "F5CC7F3A-A650-42B4-A43B-8565196A7A16" : [
      {
        "date" : 740144854.94674,
        "title" : "Untitled",
        "transform" : [
          0.9977726,
          -1.2463861e-09,
          0.066707574,
          0,
          0.007867255,
          0.9930212,
          -0.117673606,
          0,
          -0.06624204,
          0.11793623,
          0.9908093,
          0,
          0.05604948,
          0.099787146,
          1.2491069,
          1
        ]
      },
      {
        "date" : 740144845.411236,
        "title" : "Untitled",
        "transform" : [
          0.9944788,
          2.7001033e-09,
          0.10493961,
          0,
          0.10487568,
          0.034899596,
          -0.9938729,
          0,
          -0.0036623585,
          0.99939096,
          0.03470695,
          0,
          0.12894167,
          1.2432675,
          0.10501098,
          1
        ]
      },
      {
        "date" : 740144756.496459,
        "title" : "Untitled",
        "transform" : [
          0.9996112,
          -9.2393704e-10,
          -0.027883874,
          0,
          -0.009093396,
          0.9453294,
          -0.32599026,
          0,
          0.026359439,
          0.326117,
          0.94496185,
          0,
          0.17246242,
          0.36137748,
          1.1887095,
          1
        ]
      },
      {
        "date" : 740144751.529891,
        "title" : "Untitled",
        "transform" : [
          0.9996112,
          -9.2393704e-10,
          -0.027883874,
          0,
          -0.009093396,
          0.9453294,
          -0.32599026,
          0,
          0.026359439,
          0.326117,
          0.94496185,
          0,
          0.16913283,
          0.35440066,
          1.16576,
          1
        ]
      },
      {
        "date" : 740144300.888747,
        "title" : "Untitled",
        "transform" : [
          0.9996112,
          -9.2393704e-10,
          -0.027883874,
          0,
          -0.009093396,
          0.9453294,
          -0.32599026,
          0,
          0.026359439,
          0.326117,
          0.94496185,
          0,
          0.16589707,
          0.34762046,
          1.1434574,
          1
        ]
      },
      {
        "date" : 740144292.905399,
        "title" : "Untitled",
        "transform" : [
          0.9996566,
          -5.0593285e-10,
          0.026204837,
          0,
          0.0036739905,
          0.99012285,
          -0.14015429,
          0,
          -0.025946017,
          0.14020239,
          0.9897829,
          0,
          0.102644704,
          0.12280134,
          1.1959265,
          1
        ]
      },
      {
        "date" : 740144290.222085,
        "title" : "Untitled",
