{
  "advancedEditorSelectedIdentifier" : "ShaderGraphEditorPluginID",
  "openSceneRelativePaths" : [
    "Immersive.usda",
    "Flag.usda"
  ],
  "recentIdentifiers" : {
    "1D572CEB-057A-41C3-B575-04C37501A3C0" : [

    ],
    "8257AE41-1F5C-4011-AAE1-5B551C81993A" : [

    ]
  },
  "sceneCameraHistory" : {
    "1D572CEB-057A-41C3-B575-04C37501A3C0" : [
      {
        "date" : 736868565.492158,
        "title" : "Untitled",
        "transform" : [
          0.99999946,
          -3.749536e-11,
          0.0009918209,
          0,
          0.0004959112,
          0.866025,
          -0.5000004,
          0,
          -0.00085894176,
          0.50000066,
          0.8660245,
          0,
          0.37240195,
          2.9424028,
          12.301757,
          1
        ]
      },
      {
        "date" : 736868538.459845,
        "title" : "Untitled",
        "transform" : [
          0.99999946,
          -3.749536e-11,
          0.0009918209,
          0,
          0.0004959112,
          0.866025,
          -0.5000004,
          0,
          -0.00085894176,
          0.50000066,
          0.8660245,
          0,
          -2.2573924,
          6.113651,
          10.468221,
          1
        ]
      },
      {
        "date" : 736868446.075653,
        "title" : "Untitled",
        "transform" : [
          0.99999946,
          -3.749536e-11,
          0.0009918209,
          0,
          0.0004959112,
          0.866025,
          -0.5000004,
          0,
          -0.00085894176,
          0.50000066,
          0.8660245,
          0,
          -0.09846997,
          2.2263284,
          12.714713,
          1
        ]
      },
      {
        "date" : 736868421.21541,
        "title" : "Untitled",
        "transform" : [
          0.99999946,
          -3.749536e-11,
          0.0009918209,
          0,
          0.0004959112,
          0.866025,
          -0.5000004,
          0,
          -0.00085894176,
          0.50000066,
          0.8660245,
          0,
          -0.22651875,
          7.4857726,
          9.678037,
          1
        ]
      },
      {
        "date" : 736868415.114119,
        "title" : "Untitled",
        "transform" : [
          0.99999946,
          -3.749536e-11,
          0.0009918209,
          0,
          0.0004959112,
          0.866025,
          -0.5000004,
          0,
          -0.00085894176,
          0.50000066,
          0.8660245,
          0,
          -0.005825436,
          3.3077767,
          6.842482,
          1
        ]
      },
      {
        "date" : 736868381.024561,
        "title" : "Untitled",
        "transform" : [
          0.99999946,
          -3.749536e-11,
          0.0009918209,
          0,
          0.0004959112,
          0.866025,
          -0.5000004,
          0,
          -0.00085894176,
          0.50000066,
          0.8660245,
          0,
          -0.0005431727,
          0.30842224,
          0.6380037,
          1
        ]
      },
      {
        "date" : 736868379.715891,
        "title" : "Untitled",
        "transform" : [
          0.99999946,
          -3.749536e-11,
          0.0009918209,
          0,
          0.0004959112,
          0.866025,
          -0.5000004,
          0,
          -0.00085894176,
          0.50000066,
          0.8660245,
          0,
          -0.00020486116,
          0.11632347,
          0.24062729,
          1
        ]
      },
      {
        "date" : 736868377.740272,
        "title" : "Untitled",
        "transform" : [
          0.99999946,
          -2.298253e-11,
          0.000991821,
          0,
          0.00049591134,
          0.8660249,
          -0.5000005,
          0,
          -0.00085894193,
          0.5000008,
          0.86602455,
          0,
          -0.8377056,
          15.7958975,
          62.51059,
          1
        ]
      },
      {
        "date" : 736868345.624577,
        "title" : "Untitled",
        "transform" : [
          0.99999946,
          -2.298253e-11,
          0.000991821,
          0,
          0.00049591134,
          0.8660249,
          -0.5000005,
          0,
          -0.00085894193,
          0.5000008,
          0.86602455,
          0,
          -0.08792672,
          34.114414,
          105.32964,
          1
        ]
      },
      {
        "date" : 736868344.624114,
        "title" : "Untitled",
        "transform" : [
          0.99999946,
          -2.298253e-11,
          0.000991821,
          0,
          0.00049591134,
          0.8660249,
          -0.5000005,
          0,
          -0.00085894193,
          0.5000008,
          0.86602455,
          0,
          -0.0858414,
          36.66158,
          100.328545,
          1
        ]
      }
    ],
    "8257AE41-1F5C-4011-AAE1-5B551C81993A" : [
      {
        "date" : 737051473.853092,
        "title" : "Untitled",
        "transform" : [
          0.21043646,
          -8.202551e-07,
          -0.9776075,
          0,
          -0.28118956,
          0.9577415,
          -0.060528714,
          0,
          0.9362953,
          0.28763044,
          0.2015435,
          0,
          1.6598263,
          1.8731034,
          0.4620571,
          1
        ]
      },
      {
        "date" : 737051467.60115,
        "title" : "Untitled",
        "transform" : [
          0.99940544,
          0.00071617524,
          -0.03447009,
          0,
          -0.014748882,
          0.9125674,
          -0.4086602,
          0,
          0.03116361,
          0.40892568,
          0.91203547,
          0,
          1.0195341,
          2.1965158,
          1.1365349,
          1
        ]
      },
      {
        "date" : 737051457.785524,
        "title" : "Untitled",
        "transform" : [
          0.99940544,
          0.00071617524,
          -0.03447009,
          0,
          -0.014748882,
          0.9125674,
          -0.4086602,
          0,
          0.03116361,
          0.40892568,
          0.91203547,
          0,
          -0.015704513,
          1.7922103,
          1.3531849,
          1
        ]
      },
      {
        "date" : 737051454.550579,
        "title" : "Untitled",
        "transform" : [
          0.99940544,
          0.00071617524,
          -0.03447009,
          0,
          -0.014748882,
          0.9125674,
          -0.4086602,
          0,
          0.03116361,
          0.40892568,
          0.91203547,
          0,
          0.06575322,
          1.8836162,
          1.3094177,
          1
        ]
      },
      {
        "date" : 737051443.351461,
        "title" : "Untitled",
        "transform" : [
          0.710428,
          0.0047070505,
          -0.70375425,
          0,
          -0.50850904,
          0.6947365,
          -0.5086845,
          0,
          0.4865293,
          0.71924907,
          0.49595377,
          0,
          0.028517365,
          2.253888,
          0.8089652,
          1
        ]
      },
      {
        "date" : 737051441.817908,
        "title" : "Untitled",
        "transform" : [
          0.710428,
          0.0047070505,
          -0.70375425,
          0,
          -0.50850904,
          0.6947365,
          -0.5086845,
          0,
          0.4865293,
          0.71924907,
          0.49595377,
          0,
          0.10942769,
          2.208084,
          0.7960175,
          1
        ]
      },
      {
        "date" : 737051428.022023,
        "title" : "Untitled",
        "transform" : [
          0.057065792,
          -1.1785416e-09,
          -0.9983704,
          0,
          -0.3011978,
          0.95340633,
          -0.017216146,
          0,
          0.9518527,
          0.30168942,
          0.054406885,
          0,
          1.8707788,
          1.6468234,
          -0.11790493,
          1
        ]
      },
      {
        "date" : 737051426.914595,
        "title" : "Untitled",
        "transform" : [
          0.057065796,
          -1.1785417e-09,
          -0.99837047,
          0,
          -0.3011978,
          0.9534063,
          -0.017216146,
          0,
          0.9518527,
          0.30168942,
          0.054406885,
          0,
          1.8707788,
          1.6468234,
          -0.11790493,
          1
        ]
      },
      {
        "date" : 737051364.080479,
        "title" : "Untitled",
        "transform" : [
          0.057065796,
          -1.1785417e-09,
          -0.99837047,
          0,
          -0.3011978,
          0.9534063,
          -0.017216146,
          0,
          0.9518527,
          0.30168942,
          0.054406885,
          0,
          1.7543015,
          1.9988455,
          -0.032105178,
          1
        ]
      },
      {
        "date" : 737051361.229035,
        "title" : "Untitled",
        "transform" : [
          -0.29244328,
          3.8557722e-05,
          -0.9562829,
          0,
          -0.37140837,
          0.9214916,
          0.113618486,
          0,
          0.88121104,
          0.3883984,
          -0.2694697,
          0,
          1.7521645,
          1.8517905,
          -0.2510505,
          1
        ]
      }
    ]
  },
  "selectedSceneRelativePath" : "Flag.usda"
}