{
  "advancedEditorSelectedIdentifier" : "ProjectBrowser",
  "openSceneRelativePaths" : [
    "island.usdc",
    "HotAirBalloon.usda"
  ],
  "recentIdentifiers" : {
    "0BD33129-3C27-4D18-8F6B-69AD90C7BA57" : [

    ],
    "3A819B04-BF7D-461A-B581-235F4759B650" : [

    ],
    "05D54195-3517-451B-9CB0-A5423279FEE1" : [

    ],
    "6DCA7E77-1395-4D57-849F-32093351053F" : [

    ],
    "7AE274AB-4199-4D93-B2B8-27570B72528E" : [

    ],
    "7E9A5C9C-86F2-47F8-93B7-9F27B61B7741" : [

    ],
    "7F24CE4F-02EA-4BA6-BBE2-70104CF09DF6" : [

    ],
    "12F00458-96BF-4414-A25D-DE5E3C0C6E3F" : [

    ],
    "76B5A3E0-6C97-46C5-BA87-F2ABBDDE874E" : [

    ],
    "84B71130-F0C0-4960-855D-3A9D49130652" : [

    ],
    "568F4A74-59CB-4B64-9853-325500E97B83" : [

    ],
    "602CA447-0FA1-4E26-9C71-8F4F992A1B81" : [

    ],
    "B1D22296-0CC1-4291-8913-73959265C1B9" : [

    ],
    "B84BED42-732D-4262-887B-6A4B97DC8937" : [

    ],
    "D2D8913C-5F1E-48CF-B222-D871B2CB6957" : [

    ],
    "D34D8DDD-7068-4331-B8DE-8A2EEDA37E95" : [

    ],
    "DAA4E13F-A5D4-49B1-93E6-292FCCEC3B3A" : [

    ],
    "DAD9B43D-FD88-4529-A577-6108D719D902" : [

    ],
    "F32EB372-C5DE-46F5-8F36-FE4D816C8C15" : [

    ]
  },
  "sceneCameraHistory" : {
    "0BD33129-3C27-4D18-8F6B-69AD90C7BA57" : [
      {
        "date" : 738193668.996182,
        "title" : "Untitled",
        "transform" : [
          0.42525712,
          2.3966692e-08,
          0.9050726,
          0,
          0.6307579,
          0.7171545,
          -0.29636773,
          0,
          -0.6490769,
          0.6969142,
          0.304975,
          0,
          -6.530354,
          5.2714353,
          5.9123373,
          1
        ]
      },
      {
        "date" : 738193666.548706,
        "title" : "Untitled",
        "transform" : [
          0.42525712,
          2.3966692e-08,
          0.9050726,
          0,
          0.6307579,
          0.7171545,
          -0.29636773,
          0,
          -0.6490769,
          0.6969142,
          0.304975,
          0,
          -6.5303535,
          5.2714357,
          5.9123373,
          1
        ]
      },
      {
        "date" : 738193644.1412,
        "title" : "Untitled",
        "transform" : [
          0.42525712,
          2.3966692e-08,
          0.9050726,
          0,
          0.6307579,
          0.7171545,
          -0.29636773,
          0,
          -0.6490769,
          0.6969142,
          0.304975,
          0,
          -4.13537,
          4.2548237,
          7.2193494,
          1
        ]
      },
      {
        "date" : 738193636.473133,
        "title" : "Untitled",
        "transform" : [
          0.42525712,
          2.3966692e-08,
          0.9050726,
          0,
          0.6307579,
          0.7171545,
          -0.29636773,
          0,
          -0.6490769,
          0.6969142,
          0.304975,
          0,
          -5.0013123,
          4.31378,
          5.2416434,
          1
        ]
      },
      {
        "date" : 738193623.288818,
        "title" : "Untitled",
        "transform" : [
          0.42525712,
          2.3966692e-08,
          0.9050726,
          0,
          0.6307579,
          0.7171545,
          -0.29636773,
          0,
          -0.6490769,
          0.6969142,
          0.304975,
          0,
          -4.5102024,
          4.332527,
          6.2440295,
          1
        ]
      },
      {
        "date" : 738193561.261113,
        "title" : "Untitled",
        "transform" : [
          0.42525712,
          2.3966692e-08,
          0.9050726,
          0,
          0.6307579,
          0.7171545,
          -0.29636773,
          0,
          -0.6490769,
          0.6969142,
          0.304975,
          0,
          -3.6245708,
          3.3816214,
          5.8279095,
          1
        ]
      },
      {
        "date" : 738193555.921351,
        "title" : "Untitled",
        "transform" : [
          0.42525718,
          -3.8672896e-09,
          0.90507257,
          0,
          0.6307579,
          0.71715456,
          -0.29636773,
          0,
          -0.64907694,
          0.6969142,
          0.30497512,
          0,
          -4.680774,
          3.1686525,
          -0.034107186,
          1
        ]
      },
      {
        "date" : 738193554.72196,
        "title" : "Untitled",
        "transform" : [
          0.42525718,
          -3.8672896e-09,
          0.90507257,
          0,
          0.6307579,
          0.71715456,
          -0.29636773,
          0,
          -0.64907694,
          0.6969142,
          0.30497512,
          0,
          -6.5907626,
          4.4616203,
          -0.04802461,
          1
        ]
      },
      {
        "date" : 738193501.630761,
        "title" : "Untitled",
        "transform" : [
          0.42525718,
          -3.8672896e-09,
          0.90507257,
          0,
          0.6307579,
          0.71715456,
          -0.29636773,
          0,
          -0.64907694,
          0.6969142,
          0.30497512,
          0,
          -19.97589,
          13.52269,
          -0.1455574,
          1
        ]
      },
      {
        "date" : 738193473.977983,
        "title" : "Untitled",
        "transform" : [
          1,
          0,
          -0,
          0,
          -0,
          0.86601794,
          -0.5000129,
          0,
          0,
          0.5000129,
          0.86601794,
          0,
          0,
          16.43791,
          30.112865,
          1
        ]
      }
    ],
    "3A819B04-BF7D-461A-B581-235F4759B650" : [
      {
        "date" : 738692604.559861,
        "title" : "Untitled",
        "transform" : [
          0.99960244,
          0,
          0.028194504,
          0,
          0.014097252,
          0.8660254,
          -0.49980122,
          0,
          -0.024417156,
          0.5,
          0.8656811,
          0,
          -0.0011589059,
          0.018919589,
          0.037273794,
          1
        ]
      },
      {
        "date" : 738692597.548534,
        "title" : "Untitled",
        "transform" : [
          0.99960244,
          0,
          0.028194504,
          0,
          0.014097252,
          0.8660254,
          -0.49980122,
          0,
          -0.024417156,
          0.5,
          0.8656811,
          0,
          -0.005057375,
          0.0825636,
          0.16265993,
          1
        ]
      },
      {
        "date" : 738692590.500952,
        "title" : "Untitled",
        "transform" : [
          1,
          0,
          0,
          0,
          0,
          0.8660254,
          -0.5,
          0,
          0,
          0.5,
          0.8660254,
          0,
          -0.0008024788,
          0.14119506,
          0.278304,
          1
        ]
      },
      {
        "date" : 738692474.171168,
        "title" : "Untitled",
        "transform" : [
          1,
          0,
          0,
          0,
          0,
          0.8660254,
          -0.5,
          0,
          0,
          0.5,
          0.8660254,
          0,
          -0.00021887384,
          0.038510557,
          0.07590665,
          1
        ]
      },
      {
        "date" : 738690991.960755,
        "title" : "Untitled",
        "transform" : [
          1,
          0,
          -0,
          0,
          -0,
          0.8660254,
          -0.5,
          0,
          0,
          0.5,
          0.8660254,
          0,
          8.130446e-06,
          0.03870714,
          0.07579314,
          1
        ]
      },
      {
        "date" : 738690274.773835,
        "title" : "Untitled",
        "transform" : [
          1,
          0,
          -0,
          0,
          -0,
          0.8660254,
          -0.5,
          0,
          0,
          0.5,
          0.8660254,
          0,
          1.8626451e-09,
          0.07099242,
          0.139001,
          1
        ]
      },
      {
        "date" : 738690238.661743,
        "title" : "Untitled",
        "transform" : [
          1,
          0,
          -0,
          0,
          -0,
          0.8660254,
          -0.5,
          0,
          0,
          0.5,
          0.8660254,
          0,
          0,
          0.070992425,
          0.13900101,
          1
        ]
      },
      {
        "date" : 738690156.305652,
        "title" : "Untitled",
        "transform" : [
          1,
          0,
          -0,
          0,
          -0,
          0.8660254,
          -0.5,
          0,
          0,
          0.5,
          0.8660254,
          0,
          0,
          0.23173769,
          0.4013815,
          1
        ]
      }
    ],
    "05D54195-3517-451B-9CB0-A5423279FEE1" : [
      {
        "date" : 739242880.639769,
        "title" : "Untitled",
        "transform" : [
          -0.02603286,
          -1.1649294e-09,
          0.999661,
          0,
          0.47239086,
          0.88130337,
          0.012301897,
          0,
          -0.88100463,
          0.47255102,
          -0.022942897,
          0,
          -7.3684664,
          2.708234,
          -2.329376,
          1
        ]
      },
      {
        "date" : 739242854.949569,
        "title" : "Untitled",
        "transform" : [
          -0.02603286,
          -1.1649294e-09,
          0.999661,
          0,
          0.47239086,
          0.88130337,
          0.012301897,
          0,
          -0.88100463,
          0.47255102,
          -0.022942897,
          0,
          -3.3833306,
          1.2250001,
          -0.7243961,
          1
        ]
      },
      {
        "date" : 739242851.184092,
        "title" : "Untitled",
        "transform" : [
          -0.02603286,
          -1.1649294e-09,
          0.999661,
          0,
          0.47239086,
          0.88130337,
          0.012301897,
          0,
          -0.88100463,
          0.47255102,
          -0.022942897,
          0,
          -3.6372526,
          0.6746261,
          -2.3097758,
          1
        ]
      },
      {
        "date" : 739242816.166425,
        "title" : "Untitled",
        "transform" : [
          -0.02603286,
          -1.1649294e-09,
          0.999661,
          0,
          0.47239086,
          0.88130337,
          0.012301897,
          0,
          -0.88100463,
          0.47255102,
          -0.022942897,
          0,
          -4.9581347,
          2.0771852,
          -0.8678378,
          1
        ]
      },
      {
        "date" : 739242810.933179,
        "title" : "Untitled",
        "transform" : [
          0.9394823,
          -4.0508534e-12,
          0.34259737,
          0,
          0.18264756,
          0.84603584,
          -0.50086236,
          0,
          -0.28984973,
          0.53312594,
          0.7948358,
          0,
          -5.513352,
          3.8088326,
          6.622287,
          1
        ]
      },
      {
        "date" : 739242809.604217,
        "title" : "Untitled",
        "transform" : [
          0.9394823,
          -4.0508534e-12,
          0.34259737,
          0,
          0.18264756,
          0.84603584,
          -0.50086236,
          0,
          -0.28984973,
          0.53312594,
          0.7948358,
          0,
          -4.8085837,
          4.2153764,
          6.6066084,
          1
        ]
      },
      {
        "date" : 739242764.194939,
        "title" : "Untitled",
        "transform" : [
          0.9394823,
          -4.0508534e-12,
          0.34259737,
          0,
          0.18264756,
          0.84603584,
          -0.50086236,
          0,
          -0.28984973,
          0.53312594,
          0.7948358,
          0,
          -5.15309,
          4.6574206,
          6.184484,
          1
        ]
      },
      {
        "date" : 739242763.00891,
        "title" : "Untitled",
        "transform" : [
          0.9394823,
          -4.0508534e-12,
          0.34259737,
          0,
          0.18264756,
          0.84603584,
          -0.50086236,
          0,
          -0.28984973,
          0.53312594,
          0.7948358,
          0,
          -5.114699,
          4.6574206,
          6.198484,
          1
        ]
      },
      {
        "date" : 739242725.305441,
        "title" : "Untitled",
        "transform" : [
          0.9394823,
          -4.0508534e-12,
          0.34259737,
          0,
          0.18264756,
          0.84603584,
          -0.50086236,
          0,
          -0.2898497,
          0.5331259,
          0.7948357,
          0,
          -3.9425135,
          4.6899133,
          6.604148,
          1
        ]
      }
    ],
    "6A3A840F-46F1-4853-981C-D4BC4E4272D3" : [
      {
        "date" : 739732202.929815,
        "title" : "Untitled",
        "transform" : [
          0.53402805,
          -1.3890055e-08,
          0.8454668,
          0,
          0.4242384,
          0.8649951,
          -0.2679647,
          0,
          -0.7313246,
          0.5017802,
          0.4619318,
          0,
          -0.43024224,
          0.5561622,
          0.6094343,
          1
        ]
      },
      {
        "date" : 739732189.196718,
        "title" : "Untitled",
        "transform" : [
          0.99999994,
          0,
          -0,
          0,
          -0,
          0.8660254,
          -0.49999994,
          0,
          0,
          0.49999994,
          0.8660254,
          0,
          0,
          0.23250279,
          0.40270668,
          1
        ]
      }
    ],
    "6DCA7E77-1395-4D57-849F-32093351053F" : [
      {
        "date" : 739812750.703195,
        "title" : "Untitled",
        "transform" : [
          -0.7443255,
          7.2777917e-09,
          -0.66781706,
          0,
          0.0070284004,
          0.99994457,
          -0.007833511,
          0,
          0.66777986,
          -0.010524329,
          -0.7442844,
          0,
          8.842214,
          6.819046,
          -10.991482,
          1
        ]
      },
      {
        "date" : 739812738.066899,
        "title" : "Untitled",
        "transform" : [
          -0.9331234,
          7.753837e-09,
          0.35955647,
          0,
          0.016296234,
          0.99897236,
          0.042291917,
          0,
          -0.35918716,
          0.04532303,
          -0.9321644,
          0,
          -5.628062,
          7.594899,
          -12.495567,
          1
        ]
      },
      {
        "date" : 739812729.941591,
        "title" : "Untitled",
        "transform" : [
          -0.8119352,
          9.946127e-09,
          0.58374757,
          0,
          -0.1611062,
          0.96116155,
          -0.22408292,
          0,
          -0.5610759,
          -0.27598614,
          -0.7804009,
          0,
          -9.601254,
          2.828753,
          -12.054496,
          1
        ]
      },
      {
        "date" : 739812719.034481,
        "title" : "Untitled",
        "transform" : [
          0.9999292,
          9.241368e-09,
          -0.011895031,
          0,
          -0.00039117964,
          0.9994592,
          -0.032878794,
          0,
          0.011888654,
          0.032881185,
          0.9993886,
          0,
          0.9599843,
          7.918561,
          16.906569,
          1
        ]
      },
      {
        "date" : 739812703.357873,
        "title" : "Untitled",
        "transform" : [
          0.9999292,
          9.241368e-09,
          -0.011895031,
          0,
          -0.00039117964,
          0.9994592,
          -0.032878794,
          0,
          0.011888654,
          0.032881185,
          0.9993886,
          0,
          4.041078,
          7.228743,
          16.892612,
          1
        ]
      },
      {
        "date" : 739812665.038661,
        "title" : "Untitled",
        "transform" : [
          0.47508192,
          -1.5799449e-08,
          -0.8799416,
          0,
          -0.2370702,
          0.96302396,
          -0.12799455,
          0,
          0.8474049,
          0.26941592,
          0.45751512,
          0,
          14.791751,
          11.046629,
          3.62233,
          1
        ]
      },
      {
        "date" : 739812389.674224,
        "title" : "Untitled",
        "transform" : [
          0.54010075,
          1.2213455e-08,
          -0.8416004,
          0,
          0.5353284,
          0.7716199,
          0.34354943,
          0,
          0.64939576,
          -0.63608384,
          0.4167524,
          0,
          16.792225,
          -5.7752504,
          6.213922,
          1
        ]
      },
      {
        "date" : 739812376.422793,
        "title" : "Untitled",
        "transform" : [
          -0.90952474,
          1.6406485e-08,
          -0.41564986,
          0,
          0.048444785,
          0.99318457,
          -0.10600668,
          0,
          0.4128167,
          -0.116551705,
          -0.90332615,
          0,
          6.2177615,
          6.2503753,
          -22.843895,
          1
        ]
      },
      {
        "date" : 739812366.763198,
        "title" : "Untitled",
        "transform" : [
          0.908701,
          2.1740206e-08,
          0.41744748,
          0,
          -0.052087363,
          0.99218494,
          0.11338385,
          0,
          -0.41418478,
          -0.12477569,
          0.90159976,
          0,
          -6.2488813,
          6.056971,
          22.800999,
          1
        ]
      },
      {
        "date" : 739812361.291189,
        "title" : "Untitled",
        "transform" : [
          0.96367365,
          1.9986942e-08,
          -0.26708293,
          0,
          0.05807537,
          0.97607297,
          0.20954436,
          0,
          0.2606928,
          -0.21744321,
          0.9406157,
          0,
          9.799004,
          3.8836136,
          20.979198,
          1
        ]
      }
    ],
    "7AE274AB-4199-4D93-B2B8-27570B72528E" : [
      {
        "date" : 739582270.490625,
        "title" : "Untitled",
        "transform" : [
          0.08849451,
          -2.0290829e-08,
          0.9960767,
          0,
          0.4128159,
          0.9100757,
          -0.03667581,
          0,
          -0.9065052,
          0.41444197,
          0.08053672,
          0,
          -1.5252243,
          0.7194137,
          0.14203186,
          1
        ]
      },
      {
        "date" : 739582179.461631,
        "title" : "Untitled",
        "transform" : [
          0.08849451,
          -2.0290829e-08,
          0.9960767,
          0,
          0.4128159,
          0.9100757,
          -0.03667581,
          0,
          -0.9065052,
          0.41444197,
          0.08053672,
          0,
          -1.5290875,
          0.7211799,
          0.14237508,
          1
        ]
      },
      {
        "date" : 739582142.11083,
        "title" : "Untitled",
        "transform" : [
          0.08849451,
          -2.0290829e-08,
          0.9960767,
          0,
          0.4128159,
          0.9100757,
          -0.03667581,
          0,
          -0.9065052,
          0.41444197,
          0.08053672,
          0,
          -2.5763626,
          1.2151173,
          0.23988806,
          1
        ]
      },
      {
        "date" : 739582134.678138,
        "title" : "Untitled",
        "transform" : [
          0.08849451,
          -2.0290829e-08,
          0.9960767,
          0,
          0.4128159,
          0.9100757,
          -0.03667581,
          0,
          -0.9065052,
          0.41444197,
          0.08053672,
          0,
          -2.5588145,
          1.206841,
          0.23825414,
          1
        ]
      },
      {
        "date" : 739582127.685661,
        "title" : "Untitled",
        "transform" : [
          0.071977064,
          -2.0290827e-08,
          0.99740624,
          0,
          0.41336697,
          0.9100757,
          -0.029830296,
          0,
          -0.9077152,
          0.4144419,
          0.0655046,
          0,
          -0.15278292,
          0.057035208,
          0.011523962,
          1
        ]
      },
      {
        "date" : 739582125.580485,
        "title" : "Untitled",
        "transform" : [
          0.07197706,
          -9.266921e-09,
          0.9974063,
          0,
          0.41336703,
          0.9100758,
          -0.029830385,
          0,
          -0.90771526,
          0.41444194,
          0.065504365,
          0,
          -7.7043457,
          2.1373472,
          1.5653973,
          1
        ]
      },
      {
        "date" : 739582101.499832,
        "title" : "Untitled",
        "transform" : [
          0.07197706,
          -9.266921e-09,
          0.9974063,
          0,
          0.41336703,
          0.9100758,
          -0.029830385,
          0,
          -0.90771526,
          0.41444194,
          0.065504365,
          0,
          -5.792247,
          2.0628757,
          2.1529994,
          1
        ]
      },
      {
        "date" : 739581812.54455,
        "title" : "Untitled",
        "transform" : [
          0.28371704,
          -6.88314e-09,
          0.958908,
          0,
          -0.44131035,
          0.88780403,
          0.13057269,
          0,
          -0.8513225,
          -0.46022177,
          0.25188494,
          0,
          -4.5764494,
          -3.394052,
          3.158721,
          1
        ]
      },
      {
        "date" : 739581067.775478,
        "title" : "Untitled",
        "transform" : [
          0.28371704,
          -6.88314e-09,
          0.958908,
          0,
          -0.44131035,
          0.88780403,
          0.13057269,
          0,
          -0.8513225,
          -0.46022177,
          0.25188494,
          0,
          -4.070161,
          -3.0185711,
          2.8092747,
          1
        ]
      },
      {
        "date" : 739581059.624919,
        "title" : "Untitled",
        "transform" : [
          0.95909536,
          7.2698274e-09,
          0.2830833,
          0,
          0.035334818,
          0.9921793,
          -0.11971554,
          0,
          -0.28086954,
          0.12482135,
          0.9515945,
          0,
          -0.10430905,
          0.18139854,
          5.7901835,
          1
        ]
      }
    ],
    "7B2B28B7-5693-4919-8EF1-0C1B959479BE" : [
      {
        "date" : 738194404.913981,
        "title" : "Untitled",
        "transform" : [
          0.9999891,
          -1.10553094e-11,
          -0.0046759727,
          0,
          -0.00097520725,
          0.9780101,
          -0.20855482,
          0,
          0.004573149,
          0.20855708,
          0.97799957,
          0,
          -0.6066612,
          5.901377,
          23.675577,
          1
        ]
      },
      {
        "date" : 738194201.434585,
        "title" : "Untitled",
        "transform" : [
          0.9999891,
          -1.10553094e-11,
          -0.0046759727,
          0,
          -0.00097520725,
          0.9780101,
          -0.20855482,
          0,
          0.004573149,
          0.20855708,
          0.97799957,
          0,
          -0.6640973,
          6.4600945,
          25.91708,
          1
        ]
      },
      {
        "date" : 738194196.454623,
        "title" : "Untitled",
        "transform" : [
          1,
          0,
          0,
          0,
          0,
          0.866018,
          -0.50001276,
          0,
          0,
          0.50001276,
          0.866018,
          0,
          2.590854e-08,
          1.843561,
          9.605806,
          1
        ]
      },
      {
        "date" : 738194192.150473,
        "title" : "Untitled",
        "transform" : [
          1,
          0,
          0,
          0,
          0,
          0.866018,
          -0.50001276,
          0,
          0,
          0.50001276,
          0.866018,
          0,
          -2.363965,
          12.874252,
          32.169827,
          1
        ]
      },
      {
        "date" : 738194188.979582,
        "title" : "Untitled",
        "transform" : [
          1,
          0,
          -0,
          0,
          -0,
          0.866018,
          -0.50001276,
          0,
          0,
          0.50001276,
          0.866018,
          0,
          0,
          16.437658,
          30.112425,
          1
        ]
      }
    ],
    "07C76954-901D-47E2-8A92-DAA4095B729D" : [
      {
        "date" : 739582377.394696,
        "title" : "Untitled",
        "transform" : [
          0.99999994,
          0,
          0,
          0,
          0,
          0.8660254,
          -0.49999994,
          0,
          0,
          0.49999994,
          0.8660254,
          0,
          0.005812492,
          0.17801312,
          0.2551849,
          1
        ]
      },
      {
        "date" : 739582357.892828,
        "title" : "Untitled",
        "transform" : [
          0.99999994,
          0,
          -0,
          0,
          -0,
          0.8660254,
          -0.49999994,
          0,
          0,
          0.49999994,
          0.8660254,
          0,
          0,
          0.15500158,
          0.26847062,
          1
        ]
      }
    ],
    "7E9A5C9C-86F2-47F8-93B7-9F27B61B7741" : [
      {
        "date" : 739582929.589622,
        "title" : "Untitled",
        "transform" : [
          0.9858636,
          4.139669e-09,
          0.16754973,
          0,
          0.068837345,
          0.91170424,
          -0.40503946,
          0,
          -0.1527559,
          0.41084722,
          0.89881593,
          0,
          -19.305365,
          8.099967,
          11.892565,
          1
        ]
      },
      {
        "date" : 739582923.850744,
        "title" : "Untitled",
        "transform" : [
          0.95395905,
          1.0287605e-08,
          0.2999367,
          0,
          -0.021921603,
          0.9973255,
          0.06972241,
          0,
          -0.29913464,
          -0.073087476,
          0.9514077,
          0,
          -21.344303,
          -0.036137905,
          11.118916,
          1
        ]
      },
      {
        "date" : 739582890.982354,
        "title" : "Untitled",
        "transform" : [
          0.9105622,
          -2.4398794e-09,
          0.41337192,
          0,
          0.16972193,
          0.91182494,
          -0.37385795,
          0,
          -0.3769229,
          0.41057914,
          0.83027333,
          0,
          -21.69383,
          8.066583,
          6.596877,
          1
        ]
      },
      {
        "date" : 739582883.250628,
        "title" : "Untitled",
        "transform" : [
          0.9105622,
          -2.4398794e-09,
          0.41337192,
          0,
          0.16972193,
          0.91182494,
          -0.37385795,
          0,
          -0.3769229,
          0.41057914,
          0.83027333,
          0,
          -21.310104,
          7.648599,
          5.7516356,
          1
        ]
      },
      {
        "date" : 739582875.050484,
        "title" : "Untitled",
        "transform" : [
          0.63902384,
          -2.3021224e-11,
          -0.7691869,
          0,
          -0.20930459,
          0.96226573,
          -0.17388572,
          0,
          0.74016225,
          0.27211142,
          0.61491084,
          0,
          0.671083,
          5.5011954,
          22.693377,
          1
        ]
      },
      {
        "date" : 739582862.134606,
        "title" : "Untitled",
        "transform" : [
          -0.48474497,
          7.3123054e-09,
          -0.8746555,
          0,
          -0.058051374,
          0.9977949,
          0.03217279,
          0,
          0.8727269,
          0.066370554,
          -0.48367608,
          0,
          22.101786,
          2.262916,
          7.2175627,
          1
        ]
      },
      {
        "date" : 739582579.101561,
        "title" : "Untitled",
        "transform" : [
          0.9344536,
          0,
          -0.35608476,
          0,
          -0.17804238,
          0.8660254,
          -0.46722677,
          0,
          0.30837846,
          0.49999994,
          0.8092606,
          0,
          -11.207458,
          9.019402,
          18.40506,
          1
        ]
      },
      {
        "date" : 739582280.698613,
        "title" : "Untitled",
        "transform" : [
          0.99999994,
          0,
          -0,
          0,
          -0,
          0.8660254,
          -0.49999994,
          0,
          0,
          0.49999994,
          0.8660254,
          0,
          0,
          0.24255349,
          0.420115,
          1
        ]
      }
    ],
    "7F24CE4F-02EA-4BA6-BBE2-70104CF09DF6" : [
      {
        "date" : 738691349.360425,
        "title" : "Untitled",
        "transform" : [
          1,
          0,
          0,
          0,
          0,
          0.8660254,
          -0.5,
          0,
          0,
          0.5,
          0.8660254,
          0,
          -0.0024755294,
          0.0868554,
          0.14012642,
          1
        ]
      },
      {
        "date" : 737919518.139795,
        "title" : "Untitled",
        "transform" : [
          1,
          0,
          0,
          0,
          0,
          0.8660254,
          -0.5,
          0,
          0,
          0.5,
          0.8660254,
          0,
          -0.0011552009,
          0.08799884,
          0.13946626,
          1
        ]
      },
      {
        "date" : 737919276.065901,
        "title" : "Untitled",
        "transform" : [
          1,
          0,
          -0,
          0,
          -0,
          0.8660254,
          -0.5,
          0,
          0,
          0.5,
          0.8660254,
          0,
          -5.077454e-10,
          0.059465464,
          0.12283268,
          1
        ]
      },
      {
        "date" : 737918866.659169,
        "title" : "Untitled",
        "transform" : [
          1,
          0,
          -0,
          0,
          -0,
          0.8660254,
          -0.5,
          0,
          0,
          0.5,
          0.8660254,
          0,
          -7.450581e-09,
          0.059465468,
          0.122832686,
          1
        ]
      },
      {
        "date" : 737917136.208175,
        "title" : "Untitled",
        "transform" : [
          1,
          0,
          -0,
          0,
          -0,
          0.8660254,
          -0.5,
          0,
          0,
          0.5,
          0.8660254,
          0,
          0,
          0.19450203,
          0.33688742,
          1
        ]
      }
    ],
    "9A08065C-403C-45A7-83F9-D2ACE6922CA9" : [
      {
        "date" : 738113971.067161,
        "title" : "Untitled",
        "transform" : [
          1,
          0,
          -0,
          0,
          -0,
          0.8660254,
          -0.5,
          0,
          0,
          0.5,
          0.8660254,
          0,
          0,
          0.19450203,
          0.33688742,
          1
        ]
      }
    ],
    "12D6045B-B436-4EE4-A86B-51C62028ED36" : [
      {
        "date" : 739576343.525987,
        "title" : "Untitled",
        "transform" : [
          1,
          0,
          -0,
          0,
          -0,
          0.8660254,
          -0.5,
          0,
          0,
          0.5,
          0.8660254,
          0,
          0,
          0.30317855,
          0.6256143,
          1
        ]
      },
      {
        "date" : 737916260.391543,
        "title" : "Untitled",
        "transform" : [
          1,
          0,
          -0,
          0,
          -0,
          0.8660254,
          -0.5,
          0,
          0,
          0.5,
          0.8660254,
          0,
          0,
          0.9725061,
          1.68443,
          1
        ]
      }
    ],
    "12F00458-96BF-4414-A25D-DE5E3C0C6E3F" : [
      {
        "date" : 738215093.158249,
        "title" : "Untitled",
        "transform" : [
          1,
          0,
          0,
          0,
          0,
          0.8649714,
          -0.5018212,
          0,
          0,
          0.5018212,
          0.8649714,
          0,
          -0.022752851,
          0.8996432,
          1.9601824,
          1
        ]
      },
      {
        "date" : 738215045.913269,
        "title" : "Untitled",
        "transform" : [
          1,
          0,
          -0,
          0,
          -0,
          0.8649714,
          -0.5018212,
          0,
          0,
          0.5018212,
          0.8649714,
          0,
          2.9802322e-08,
          1.0718565,
          1.8602712,
          1
        ]
      },
      {
        "date" : 738215009.446496,
        "title" : "Untitled",
        "transform" : [
          1,
          0,
          -0,
          0,
          -0,
          0.8649714,
          -0.50182116,
          0,
          0,
          0.50182116,
          0.8649714,
          0,
          0,
          1.0718564,
          1.8602712,
          1
        ]
      },
      {
        "date" : 738214991.273051,
        "title" : "Untitled",
        "transform" : [
          1,
          0,
          -0,
          0,
          -0,
          0.8649714,
          -0.5018211,
          0,
          0,
          0.5018211,
          0.8649714,
          0,
          0,
          2.7853374,
          5.220513,
          1
        ]
      }
    ],
    "76B5A3E0-6C97-46C5-BA87-F2ABBDDE874E" : [
      {
        "date" : 738123806.331915,
        "title" : "Untitled",
        "transform" : [
          0.7689152,
          -0.084972225,
          0.63367903,
          0,
          0.6378475,
          0.034025263,
          -0.76941067,
          0,
          0.043817442,
          0.9958021,
          0.08036189,
          0,
          0.23707047,
          3.2182755,
          0.16815631,
          1
        ]
      },
      {
        "date" : 738123801.9017,
        "title" : "Untitled",
        "transform" : [
          0.7689152,
          -0.084972225,
          0.63367903,
          0,
          0.6378475,
          0.034025263,
          -0.76941067,
          0,
          0.043817442,
          0.9958021,
          0.08036189,
          0,
          0.50291914,
          6.863765,
          0.3773302,
          1
        ]
      },
      {
        "date" : 738123797.985573,
        "title" : "Untitled",
        "transform" : [
          0.7689152,
          -0.084972225,
          0.63367903,
          0,
          0.6378475,
          0.034025263,
          -0.76941067,
          0,
          0.043817442,
          0.9958021,
          0.08036189,
          0,
          0.24919796,
          3.4010165,
          0.18696827,
          1
        ]
      },
      {
        "date" : 738122516.167933,
        "title" : "Untitled",
        "transform" : [
          0.7689151,
          -0.08497219,
          0.63367903,
          0,
          0.6378474,
          0.034025233,
          -0.7694106,
          0,
          0.04381751,
          0.9958022,
          0.08036198,
          0,
          0.63774997,
          5.8777027,
          1.074913,
          1
        ]
      },
      {
        "date" : 738121558.599326,
        "title" : "Untitled",
        "transform" : [
          0.00040321637,
          -0.08497224,
          -0.9963832,
          0,
          -0.20338452,
          0.97555083,
          -0.083277956,
          0,
          0.97909886,
          0.20268248,
          -0.01688875,
          0,
          5.887702,
          0.9374837,
          -0.75209,
          1
        ]
      },
      {
        "date" : 738121556.000498,
        "title" : "Untitled",
        "transform" : [
          -0.07641537,
          -0.08497224,
          -0.99344873,
          0,
          0.09802295,
          0.99089533,
          -0.0922937,
          0,
          0.99224603,
          -0.10443342,
          -0.067390464,
          0,
          5.8481355,
          -0.89856607,
          -1.0494936,
          1
        ]
      },
      {
        "date" : 738121531.06533,
        "title" : "Untitled",
        "transform" : [
          -0.31838906,
          -0.08497224,
          -0.9441441,
          0,
          0.4081638,
          0.8866355,
          -0.21743958,
          0,
          0.8555879,
          -0.4545958,
          -0.24761245,
          0,
          4.801707,
          -2.965144,
          -2.0642395,
          1
        ]
      },
      {
        "date" : 738121498.167665,
        "title" : "Untitled",
        "transform" : [
          0.04135878,
          1.3136332e-08,
          -0.9991444,
          0,
          -0.067013584,
          0.9977483,
          -0.002773927,
          0,
          0.99689454,
          0.06707091,
          0.041265614,
          0,
          5.976697,
          0.3046431,
          -0.54390395,
          1
        ]
      },
      {
        "date" : 738121491.079603,
        "title" : "Untitled",
        "transform" : [
          0.9354862,
          2.1018801e-08,
          0.35336328,
          0,
          0.353148,
          0.034899604,
          -0.9349164,
          0,
          -0.01233222,
          0.99939084,
          0.032648098,
          0,
          0.6326006,
          5.9491777,
          0.562702,
          1
        ]
      },
      {
        "date" : 738121472.951448,
        "title" : "Untitled",
        "transform" : [
          0.4242665,
          2.2990692e-08,
          -0.9055374,
          0,
          -0.13828716,
          0.98827064,
          -0.0647909,
          0,
          0.894916,
          0.15271279,
          0.41929007,
          0,
          5.6788116,
          0.81563735,
          1.7875595,
          1
        ]
      }
    ],
    "84B71130-F0C0-4960-855D-3A9D49130652" : [
      {
        "date" : 737916363.052627,
        "title" : "Untitled",
        "transform" : [
          1,
          0,
          0,
          0,
          0,
          0.8660254,
          -0.5,
          0,
          0,
          0.5,
          0.8660254,
          0,
          0.10734667,
          0.38202858,
          0.56526124,
          1
        ]
      },
      {
        "date" : 737916351.027754,
        "title" : "Untitled",
        "transform" : [
          1,
          0,
          0,
          0,
          0,
          0.8660254,
          -0.5,
          0,
          0,
          0.5,
          0.8660254,
          0,
          -0.021469295,
          0.42747843,
          0.53902084,
          1
        ]
      },
      {
        "date" : 737916278.586071,
        "title" : "Untitled",
        "transform" : [
          1,
          0,
          -0,
          0,
          -0,
          0.8660254,
          -0.5,
          0,
          0,
          0.5,
          0.8660254,
          0,
          -2.9802322e-08,
          0.2973274,
          0.61416346,
          1
        ]
      },
      {
        "date" : 737916271.656381,
        "title" : "Untitled",
        "transform" : [
          1,
          0,
          -0,
          0,
          -0,
          0.8660254,
          -0.5,
          0,
          0,
          0.5,
          0.8660254,
          0,
          0,
          0.19450203,
          0.33688742,
          1
        ]
      }
    ],
    "0410F8A0-9907-47D6-9F53-EAA478210568" : [
      {
        "date" : 739580722.306362,
        "title" : "Untitled",
        "transform" : [
          0.9974159,
          -1.7997258e-11,
          0.07184429,
          0,
          -0.00083229784,
          0.9999328,
          0.011554811,
          0,
          -0.07183946,
          -0.0115847485,
          0.99734896,
          0,
          10.4426985,
          3.609356,
          22.575628,
          1
        ]
      },
      {
        "date" : 739127661.261958,
        "title" : "Untitled",
        "transform" : [
          0.99741584,
          -1.45094145e-11,
          0.07184428,
          0,
          -0.0008322978,
          0.9999329,
          0.01155481,
          0,
          -0.07183946,
          -0.011584747,
          0.9973489,
          0,
