{
  "advancedEditorSelectedIdentifier" : "ProjectBrowser",
  "openSceneRelativePaths" : [
    "sandBlock.usda",
    "basicBlock.usda",
    "AudioController.usda"
  ],
  "recentIdentifiers" : {
    "7F24CE4F-02EA-4BA6-BBE2-70104CF09DF6" : [

    ],
    "84B71130-F0C0-4960-855D-3A9D49130652" : [

    ],
    "602CA447-0FA1-4E26-9C71-8F4F992A1B81" : [

    ],
    "DAA4E13F-A5D4-49B1-93E6-292FCCEC3B3A" : [

    ]
  },
  "sceneCameraHistory" : {
    "7F24CE4F-02EA-4BA6-BBE2-70104CF09DF6" : [
      {
        "date" : 737919276.065901,
        "title" : "Untitled",
        "transform" : [
          1,
          0,
          -0,
          0,
          -0,
          0.8660254,
          -0.5,
          0,
          0,
          0.5,
          0.8660254,
          0,
          -5.077454e-10,
          0.059465464,
          0.12283268,
          1
        ]
      },
      {
        "date" : 737918866.659169,
        "title" : "Untitled",
        "transform" : [
          1,
          0,
          -0,
          0,
          -0,
          0.8660254,
          -0.5,
          0,
          0,
          0.5,
          0.8660254,
          0,
          -7.450581e-09,
          0.059465468,
          0.122832686,
          1
        ]
      },
      {
        "date" : 737917136.208175,
        "title" : "Untitled",
        "transform" : [
          1,
          0,
          -0,
          0,
          -0,
          0.8660254,
          -0.5,
          0,
          0,
          0.5,
          0.8660254,
          0,
          0,
          0.19450203,
          0.33688742,
          1
        ]
      }
    ],
    "12D6045B-B436-4EE4-A86B-51C62028ED36" : [
      {
        "date" : 737916260.391543,
        "title" : "Untitled",
        "transform" : [
          1,
          0,
          -0,
          0,
          -0,
          0.8660254,
          -0.5,
          0,
          0,
          0.5,
          0.8660254,
          0,
          0,
          0.9725061,
          1.68443,
          1
        ]
      }
    ],
    "84B71130-F0C0-4960-855D-3A9D49130652" : [
      {
        "date" : 737916363.052627,
        "title" : "Untitled",
        "transform" : [
          1,
          0,
          0,
          0,
          0,
          0.8660254,
          -0.5,
          0,
          0,
          0.5,
          0.8660254,
          0,
          0.10734667,
          0.38202858,
          0.56526124,
          1
        ]
      },
      {
        "date" : 737916351.027754,
        "title" : "Untitled",
        "transform" : [
          1,
          0,
          0,
          0,
          0,
          0.8660254,
          -0.5,
          0,
          0,
          0.5,
          0.8660254,
          0,
          -0.021469295,
          0.42747843,
          0.53902084,
          1
        ]
      },
      {
        "date" : 737916278.586071,
        "title" : "Untitled",
        "transform" : [
          1,
          0,
          -0,
          0,
          -0,
          0.8660254,
          -0.5,
          0,
          0,
          0.5,
          0.8660254,
          0,
          -2.9802322e-08,
          0.2973274,
          0.61416346,
          1
        ]
      },
      {
        "date" : 737916271.656381,
        "title" : "Untitled",
        "transform" : [
          1,
          0,
          -0,
          0,
          -0,
          0.8660254,
          -0.5,
          0,
          0,
          0.5,
          0.8660254,
          0,
          0,
          0.19450203,
          0.33688742,
          1
        ]
      }
    ],
    "602CA447-0FA1-4E26-9C71-8F4F992A1B81" : [
      {
        "date" : 737915275.521823,
        "title" : "Untitled",
        "transform" : [
          0.9949948,
          1.9884002e-08,
          0.099926695,
          0,
          0.049953055,
          0.86608475,
          -0.4973951,
          0,
          -0.08654499,
          0.49989718,
          0.8617498,
          0,
          -0.068298906,
          0.5716375,
          0.6792598,
          1
        ]
      },
      {
        "date" : 737915262.367553,
        "title" : "Untitled",
        "transform" : [
          0.9949948,
          1.9884002e-08,
          0.099926695,
          0,
          0.049953055,
          0.86608475,
          -0.4973951,
          0,
          -0.08654499,
          0.49989718,
          0.8617498,
          0,
          -0.11384888,
          0.65709543,
          1.1324109,
          1
        ]
      },
      {
        "date" : 737915101.121045,
        "title" : "Untitled",
        "transform" : [
          0.9949948,
          1.9884002e-08,
          0.099926695,
          0,
          0.049953055,
          0.86608475,
          -0.4973951,
          0,
          -0.08654499,
          0.49989718,
          0.8617498,
          0,
          -0.15317689,
          0.8840828,
          1.5235914,
          1
        ]
      },
      {
        "date" : 737913996.17713,
        "title" : "Untitled",
        "transform" : [
          0.9949948,
          1.9884002e-08,
          0.099926695,
          0,
          0.049953055,
          0.86608475,
          -0.4973951,
          0,
          -0.08654499,
          0.49989718,
          0.8617498,
          0,
          -0.17541462,
          1.0124311,
          1.7447816,
          1
        ]
      },
      {
        "date" : 737913987.836035,
        "title" : "Untitled",
        "transform" : [
          0.4190737,
          -4.65265e-09,
          0.90795225,
          0,
          0.7270638,
          0.5989677,
          -0.33558297,
          0,
          -0.5438341,
          0.8007732,
          0.2510116,
          0,
          -0.7122798,
          1.0035428,
          0.6663522,
          1
        ]
      },
      {
        "date" : 737913986.103843,
        "title" : "Untitled",
        "transform" : [
          0.4190737,
          -4.65265e-09,
          0.90795225,
          0,
          0.7270638,
          0.5989677,
          -0.33558297,
          0,
          -0.5438341,
          0.8007732,
          0.2510116,
          0,
          -0.7269846,
          0.90399563,
          0.9520673,
          1
        ]
      },
      {
        "date" : 737913974.25285,
        "title" : "Untitled",
        "transform" : [
          0.48234737,
          -4.65265e-09,
          0.87598,
          0,
          0.7014613,
          0.5989677,
          -0.38625082,
          0,
          -0.5246838,
          0.8007732,
          0.2889105,
          0,
          -0.5364566,
          1.1036118,
          0.66810226,
          1
        ]
      },
      {
        "date" : 737913871.762598,
        "title" : "Untitled",
        "transform" : [
          0.99115896,
          0,
          -0.1326795,
          0,
          -0.06633975,
          0.8660254,
          -0.49557948,
          0,
          0.114903815,
          0.5,
          0.8583689,
          0,
          0.4778964,
          0.7022136,
          1.1093316,
          1
        ]
      },
      {
        "date" : 737913864.603205,
        "title" : "Untitled",
        "transform" : [
          0.99115896,
          0,
          -0.1326795,
          0,
          -0.06633975,
          0.8660254,
          -0.49557948,
          0,
          0.114903815,
          0.5,
          0.8583689,
          0,
          0.30017796,
          0.6197527,
          1.181155,
          1
        ]
      },
      {
        "date" : 737913842.469379,
        "title" : "Untitled",
        "transform" : [
          0.99115896,
          0,
          -0.1326795,
          0,
          -0.06633975,
          0.8660254,
          -0.49557948,
          0,
          0.114903815,
          0.5,
          0.8583689,
          0,
          0.21770266,
          0.3758495,
          0.8588187,
          1
        ]
      }
    ],
    "789C7E59-B428-422B-B775-672112B85751" : [
      {
        "date" : 737915216.674095,
        "title" : "Untitled",
        "transform" : [
          0.9803473,
          -2.0732989e-08,
          0.19728002,
          0,
          0.06876921,
          0.93727666,
          -0.34173578,
          0,
          -0.18490599,
          0.34858656,
          0.91885656,
          0,
          -0.15703064,
          0.2960358,
          0.78033537,
          1
        ]
      },
      {
        "date" : 737915169.516381,
        "title" : "Untitled",
        "transform" : [
          1,
          0,
          -0,
          0,
          -0,
          0.8660254,
          -0.5,
          0,
          0,
          0.5,
          0.8660254,
          0,
          0,
          0.9725061,
          1.68443,
          1
        ]
      }
    ],
    "47403D7D-BC68-4539-9AA1-381ED6278A7C" : [
      {
        "date" : 737913712.081433,
        "title" : "Untitled",
        "transform" : [
          0.99999994,
          0,
          -0,
          0,
          -0,
          0.8660254,
          -0.49999994,
          0,
          0,
          0.49999994,
          0.8660254,
          0,
          0,
          0.7728395,
          1.3385975,
          1
        ]
      }
    ],
    "DAA4E13F-A5D4-49B1-93E6-292FCCEC3B3A" : [
      {
        "date" : 737914963.376655,
        "title" : "Untitled",
        "transform" : [
          0.9997738,
          0,
          0.021269148,
          0,
          0.010634574,
          0.8660254,
          -0.4998869,
          0,
          -0.018419623,
          0.5,
          0.86582947,
          0,
          -0.06347881,
          0.4840259,
          0.6231453,
          1
        ]
      },
      {
        "date" : 737914934.222187,
        "title" : "Untitled",
        "transform" : [
          0.9997738,
          0,
          0.021269148,
          0,
          0.010634574,
          0.8660254,
          -0.4998869,
          0,
          -0.018419623,
          0.5,
          0.86582947,
          0,
          -0.039535273,
          0.3128559,
          0.32348216,
          1
        ]
      },
      {
        "date" : 737914838.923011,
        "title" : "Untitled",
        "transform" : [
          0.99969864,
          0,
          0.024548925,
          0,
          0.012274463,
          0.8660254,
          -0.49984932,
          0,
          -0.021259993,
          0.5,
          0.8657644,
          0,
          -0.102320164,
          0.78853184,
          0.8149833,
          1
        ]
      },
      {
        "date" : 737914830.647043,
        "title" : "Untitled",
        "transform" : [
          0.99969864,
          0,
          0.024548925,
          0,
          0.012274463,
          0.8660254,
          -0.49984932,
          0,
          -0.021259993,
          0.5,
          0.8657644,
          0,
          0.17287178,
          0.7135791,
          0.82232267,
          1
        ]
      },
      {
        "date" : 737914822.391818,
        "title" : "Untitled",
        "transform" : [
          0.99969864,
          0,
          0.024548925,
          0,
          0.012274463,
          0.8660254,
          -0.49984932,
          0,
          -0.021259993,
          0.5,
          0.8657644,
          0,
          -0.076838255,
          0.65861666,
          0.8479329,
          1
        ]
      },
      {
        "date" : 737914084.028592,
        "title" : "Untitled",
        "transform" : [
          0.99969864,
          0,
          0.024548925,
          0,
          0.012274463,
          0.8660254,
          -0.49984932,
          0,
          -0.021259993,
          0.5,
          0.8657644,
          0,
          0.14282575,
          0.85369587,
          1.3912524,
          1
        ]
      },
      {
        "date" : 737914050.021124,
        "title" : "Untitled",
        "transform" : [
          1,
          0,
          0,
          0,
          0,
          0.8660254,
          -0.5,
          0,
          0,
          0.5,
          0.8660254,
          0,
          0,
          0.814154,
          1.4101562,
          1
        ]
      },
      {
        "date" : 737914027.532899,
        "title" : "Untitled",
        "transform" : [
          1,
          0,
          -0,
          0,
          -0,
          0.8660254,
          -0.5,
          0,
          0,
          0.5,
          0.8660254,
          0,
          0,
          0.97251093,
          1.6844385,
          1
        ]
      }
    ]
  },
  "selectedSceneRelativePath" : "AudioController.usda"
}